function mpc = case_LGN_onBus355
%% MATPOWER Case Format : Version 2
mpc.version = '2';

%%-----  Power Flow Data  -----%%
%% system MVA base
mpc.baseMVA = 100;

%% 天然气参数列表如下
mpc.GasBranch = [
%index fbus tbus c(k-n)：c(k-n)
    1   1   2   9.070;
    2   2   3   6.404;
    3   3   4   1.390;
    4   4   5   0.100;
    5   5   6   0.150;
    6   6   7   0.220;
    7   7   8  0.660;
    8   8   9   7.260;
    9   9   10  1.810;
    10  10  11  1.450;
    11  11  12  0.860;
    12  12  13  0.910;
    13  13  14  7.260;
    14  14  15  3.630;
    15  15  16  1.450;
    16  16  17  0.050;
    17  17  18  0.006;
    18  18  19  0.002;
    19  19  20  0.030;
    20   18   21   0.070;
    21   21   22   0.404;
    22   22   23   0.390;
    23   23   24   0.100;
    24   24   25   0.150;
    25   26   23   0.220;
    26   23   33  0.660;
    27   27   28   0.260;
    28   28   29  0.810;
    29  29  30  0.450;
    30  30  31  0.860;
    31  31  32  0.910;
    32  32  33  0.260;
    33  33  34  0.630;
    34  34  35  0.450;
    35  30  36  0.050;
    36  36  37  0.006;
    37  37  38  0.002;
    38  38  39  0.030;
    39   16   40   0.070;
    40   40   41   0.404;
    41   41   42   0.390;
    42   42   43   0.100;
    43   43   44   0.150;
    44   45   42   0.220;
    45   42   52  0.660;
    46   46   47   0.260;
    47   47   48  0.810;
    48  48  49  0.450;
    49  49  50  0.860;
    50  50  51  0.910;
    51  51  52  0.260;
    52  52  53  0.630;
    ];
mpc.GasBus = [
%index PressureMax/bar PressureMin/bar
    1   77.0    0;
    2   77.0    0;
    3   80.0    30.0;
    4   80.0    0;
    5   77.0    0;
    6   80.0    30.0;
    7   80.0    30.0;
    8   66.2    0;
    9   66.2    0;
    10  66.2    30.0;
    11  66.2    0;
    12  66.2    0;
    13  66.2    0;
    14  66.2    0;
    15  66.2    0;
    16  66.2    0;
    17  66.2    0;
    18  80.0    0;
    19  66.2    0;
    20  66.2    25.0;
    21   77.0    0;
    22   77.0    0;
    23   80.0    30.0;
    24   80.0    0;
    25   77.0    0;
    26   80.0    30.0;
    27   80.0    30.0;
    28   66.2    0;
    29   66.2    0;
    30  66.2    30.0;
    31  66.2    0;
    32  66.2    0;
    33  66.2    0;
    34  66.2    0;
    35  66.2    0;
    36  66.2    0;
    37  66.2    0;
    38  80.0    0;
    39  66.2    0;
    40  66.2    25.0;
    41   77.0    0;
    42   77.0    0;
    43   80.0    30.0;
    44   80.0    0;
    45   77.0    0;
    46   80.0    30.0;
    47   80.0    30.0;
    48   66.2    0;
    49   66.2    0;
    50  66.2    30.0;
    51  66.2    0;
    52  66.2    0;
    53  66.2    0;
    ];
mpc.GasSource = [
%index gasbus min/Mm3    max/Mm3     cost($/Mm3)
    1   1       0.9    3.5391  0.085*10000;
    2   8      0       4.27    0.062*10000;
    3   25       1.00    3.3018  0.062*10000;
    4   46      0       5.14    0.054*10000;
];
mpc.GasGen = [
%gasBus
    15;
    20;
];
mpc.GasLoad = [
    12.69	10.17	8.35	9.04	12	16.4	15.86	19.49	20.88	21.15	20.27	20.16	19.18	16.66	17.21	18.32	19.71	21.24	22.75	23.42	23.72	22.59	19.68	15.21
]/10+2.5;

end
