function mpc = onBus296_84_BUFFALO
% These data are collected from:
% C. Su and C. Lee, "network reconfiguration of distribution systems
% using improved mixed integer hybrid differential evolution," IEEE Trans. Power Del., vol. 18, no. 3, July 2003
%% MATPOWER Case Format : Version 2
mpc.version = '2';
%%-----  Power Flow Data  -----%%
%% system MVA base
mpc.baseMVA = 100;
%% bus data
%	bus_i	type	Pd	Qd	Gs	Bs	area	Vm	Va	baseKV	zone	Vmax	Vmin
mpc.bus = [
1	3	0	0	0	0	1	1	0	11.4	1	1.05	0.95
2	1	0	0	0	0	1	1	0	11.4	1	1.05	0.95
3	1	0.506	0.253	0	0	1	1	0	11.4	1	1.05	0.95
4	1	1.518	1.012	0	0	1	1	0	11.4	1	1.05	0.95
5	1	1.771	1.265	0	0	1	1	0	11.4	1	1.05	0.95
6	1	1.1132	0.506	0	0	1	1	0	11.4	1	1.05	0.95
7	1	5.566	4.048	0	0	1	1	0	11.4	1	1.05	0.95
8	1	2.024	1.6192	0	0	1	1	0	11.4	1	1.05	0.95
9	1	1.518	1.012	0	0	1	1	0	11.4	1	1.05	0.95
10	1	1.518	1.1638	0	0	1	1	0	11.4	1	1.05	0.95
11	1	1.518	1.3156	0	0	1	1	0	11.4	1	1.05	0.95
12	1	0	0	0	0	1	1	0	11.4	1	1.05	0.95
13	1	6.072	4.048	0	0	1	1	0	11.4	1	1.05	0.95
14	1	4.048	3.036	0	0	1	1	0	11.4	1	1.05	0.95
15	1	3.542	2.53	0	0	1	1	0	11.4	1	1.05	0.95
16	1	0	0	0	0	1	1	0	11.4	1	1.05	0.95
17	1	1.518	0.759	0	0	1	1	0	11.4	1	1.05	0.95
18	1	2.53	1.771	0	0	1	1	0	11.4	1	1.05	0.95
19	1	3.542	2.024	0	0	1	1	0	11.4	1	1.05	0.95
20	1	6.072	5.06	0	0	1	1	0	11.4	1	1.05	0.95
21	1	1.518	1.518	0	0	1	1	0	11.4	1	1.05	0.95
22	1	2.024	1.771	0	0	1	1	0	11.4	1	1.05	0.95
23	1	0.253	0.1012	0	0	1	1	0	11.4	1	1.05	0.95
24	1	0.253	0.1012	0	0	1	1	0	11.4	1	1.05	0.95
25	1	0.253	0.0506	0	0	1	1	0	11.4	1	1.05	0.95
26	1	0.253	0.1518	0	0	1	1	0	11.4	1	1.05	0.95
27	1	0.506	0.3036	0	0	1	1	0	11.4	1	1.05	0.95
28	1	0.506	0.3542	0	0	1	1	0	11.4	1	1.05	0.95
29	1	9.108	6.578	0	0	1	1	0	11.4	1	1.05	0.95
30	1	1.012	0.6072	0	0	1	1	0	11.4	1	1.05	0.95
31	1	0	0	0	0	1	1	0	11.4	1	1.05	0.95
32	1	9.108	8.096	0	0	1	1	0	11.4	1	1.05	0.95
33	1	1.012	0.759	0	0	1	1	0	11.4	1	1.05	0.95
34	1	1.012	0.506	0	0	1	1	0	11.4	1	1.05	0.95
35	1	4.048	3.036	0	0	1	1	0	11.4	1	1.05	0.95
36	1	0.506	0.3036	0	0	1	1	0	11.4	1	1.05	0.95
37	1	0.506	0.3036	0	0	1	1	0	11.4	1	1.05	0.95
38	1	0.1012	0.0506	0	0	1	1	0	11.4	1	1.05	0.95
39	1	0.1012	0.0506	0	0	1	1	0	11.4	1	1.05	0.95
40	1	0.1012	0.0506	0	0	1	1	0	11.4	1	1.05	0.95
41	1	0.1012	0.0506	0	0	1	1	0	11.4	1	1.05	0.95
42	1	1.012	0.8096	0	0	1	1	0	11.4	1	1.05	0.95
43	1	0.253	0.1518	0	0	1	1	0	11.4	1	1.05	0.95
44	1	0	0	0	0	1	1	0	11.4	1	1.05	0.95
45	1	0.1518	0.1012	0	0	1	1	0	11.4	1	1.05	0.95
46	1	4.048	3.542	0	0	1	1	0	11.4	1	1.05	0.95
47	1	1.012	0.759	0	0	1	1	0	11.4	1	1.05	0.95
48	1	0	0	0	0	1	1	0	11.4	1	1.05	0.95
49	1	0	0	0	0	1	1	0	11.4	1	1.05	0.95
50	1	0	0	0	0	1	1	0	11.4	1	1.05	0.95
51	1	1.012	0.8096	0	0	1	1	0	11.4	1	1.05	0.95
52	1	4.048	3.036	0	0	1	1	0	11.4	1	1.05	0.95
53	1	2.53	1.518	0	0	1	1	0	11.4	1	1.05	0.95
54	1	2.53	1.771	0	0	1	1	0	11.4	1	1.05	0.95
55	1	2.53	1.518	0	0	1	1	0	11.4	1	1.05	0.95
56	1	1.012	0.4048	0	0	1	1	0	11.4	1	1.05	0.95
57	1	0	0	0	0	1	1	0	11.4	1	1.05	0.95
58	1	0.1518	0.1012	0	0	1	1	0	11.4	1	1.05	0.95
59	1	3.036	2.1252	0	0	1	1	0	11.4	1	1.05	0.95
60	1	0	0	0	0	1	1	0	11.4	1	1.05	0.95
61	1	0.1012	0.0506	0	0	1	1	0	11.4	1	1.05	0.95
62	1	0.1012	0.0506	0	0	1	1	0	11.4	1	1.05	0.95
63	1	1.012	0.6578	0	0	1	1	0	11.4	1	1.05	0.95
64	1	1.518	1.2144	0	0	1	1	0	11.4	1	1.05	0.95
65	1	1.518	1.012	0	0	1	1	0	11.4	1	1.05	0.95
66	1	0	0	0	0	1	1	0	11.4	1	1.05	0.95
67	1	0.253	0.1518	0	0	1	1	0	11.4	1	1.05	0.95
68	1	0	0	0	0	1	1	0	11.4	1	1.05	0.95
69	1	2.024	1.8216	0	0	1	1	0	11.4	1	1.05	0.95
70	1	0	0	0	0	1	1	0	11.4	1	1.05	0.95
71	1	0	0	0	0	1	1	0	11.4	1	1.05	0.95
72	1	10.12	7.59	0	0	1	1	0	11.4	1	1.05	0.95
73	1	1.012	0.759	0	0	1	1	0	11.4	1	1.05	0.95
74	1	0	0	0	0	1	1	0	11.4	1	1.05	0.95
75	1	0	0	0	0	1	1	0	11.4	1	1.05	0.95
76	1	6.072	4.807	0	0	1	1	0	11.4	1	1.05	0.95
77	1	1.518	0.9108	0	0	1	1	0	11.4	1	1.05	0.95
78	1	0	0	0	0	1	1	0	11.4	1	1.05	0.95
79	1	2.024	1.8216	0	0	1	1	0	11.4	1	1.05	0.95
80	1	10.12	6.578	0	0	1	1	0	11.4	1	1.05	0.95
81	1	1.012	0.7084	0	0	1	1	0	11.4	1	1.05	0.95
82	1	2.53	1.8216	0	0	1	1	0	11.4	1	1.05	0.95
83	1	0.506	0.1518	0	0	1	1	0	11.4	1	1.05	0.95
84	1	2.024	1.8216	0	0	1	1	0	11.4	1	1.05	0.95
];

%% generator data
%	bus	Pg	Qg	Qmax	Qmin	Vg	mBase	status	Pmax	Pmin	Pc1	Pc2	Qc1min	Qc1max	Qc2min	Qc2max	ramp_agc	ramp_10	ramp_30	ramp_q	apf
mpc.gen = [
	43	0	0	100	2.0	1	100	1	24	0	0	0	0	0	0	0	0	0	0	0	0;
    56	0	0	140	1.6	1	100	1	18	0	0	0	0	0	0	0	0	0	0	0	0;
];
mpc.gasgen = [
	22	0	0	0	0	1	100	1	18	0	0	0	0	0	0	0	0	0	0	0	0;
    65	0	0	0	0	1	100	1	10	0	0	0	0	0	0	0	0	0	0	0	0;   
];
%	bus	Emax	Emin	Qmax	Qmin	Vg	mBase	status	Pmax	Pmin	Pc1	Pc2	Qc1min	Qc1max	Qc2min	Qc2max	ramp_agc	ramp_10	ramp_30	ramp_q	apf
mpc.battery = [
    41	20	0	0	0	1	100	1	5	0	0	0	0	0	0	0	0	0	0	0	0;
];

%% branch data
%	fbus	tbus	r	x	b	rateA	rateB	rateC	ratio	angle	status	angmin	angmax
