function mpc = onBus11_CHAPPELLS
%   case123open.m:  Power flow data for 123 bus with 122 transmission lines.
%   Please see CASEFORMAT for details on the case file format.
%
%   Made by Tao Ding, Tsinghua University (Also a visiting scholar of The
%   University of Tennessee, Knoxville).

%   Thanks to the help of Linquan Bai and Xue Li, who are the Ph.D. student
%   of The University of Tennessee, Knoxville
%   2014/03/10
%% MATPOWER Case Format : Version 2
mpc.version = '2';

%%-----  Power Flow Data  -----%%
%% system MVA base
mpc.baseMVA = 100;

%% bus data
%	bus_i	type	Pd	Qd	Gs	Bs	area	Vm	Va	baseKV	zone	Vmax	Vmin
mpc.bus=[   
1	3	0	0	0	0	1	1	0	100	1	1.1	0.9
2	1	1.052	0.526	0	0	1	1	0	100	1	1.1	0.9
3	1	0	0	0	0	1	1	0	100	1	1.1	0.9
4	1	2.104	1.052	0	0	1	1	0	100	1	1.1	0.9
5	1	1.052	0.526	0	0	1	1	0	100	1	1.1	0.9
6	1	2.104	1.052	0	0	1	1	0	100	1	1.1	0.9
7	1	1.052	0.526	0	0	1	1	0	100	1	1.1	0.9
8	1	0	0	0	0	1	1	0	100	1	1.1	0.9
9	1	2.104	1.052	0	0	1	1	0	100	1	1.1	0.9
10	1	1.052	0.526	0	0	1	1	0	100	1	1.1	0.9
11	1	2.104	1.052	0	0	1	1	0	100	1	1.1	0.9
12	1	1.052	0.526	0	0	1	1	0	100	1	1.1	0.9
13	1	0	0	0	0	1	1	0	100	1	1.1	0.9
14	1	0	0	0	0	1	1	0	100	1	1.1	0.9
15	1	0	0	0	0	1	1	0	100	1	1.1	0.9
16	1	2.104	1.052	0	0	1	1	0	100	1	1.1	0.9
17	1	1.052	0.526	0	0	1	1	0	100	1	1.1	0.9
18	1	0	0	0	0	1	1	0	100	1	1.1	0.9
19	1	2.104	1.052	0	0	1	1	0	100	1	1.1	0.9
20	1	2.104	1.052	0	0	1	1	0	100	1	1.1	0.9
21	1	0	0	0	0	1	1	0	100	1	1.1	0.9
22	1	2.104	1.052	0	0	1	1	0	100	1	1.1	0.9
23	1	0	0	0	0	1	1	0	100	1	1.1	0.9
24	1	2.104	1.052	0	0	1	1	0	100	1	1.1	0.9
25	1	0	0	0	0	1	1	0	100	1	1.1	0.9
26	1	0	0	0	0	1	1	0	100	1	1.1	0.9
27	1	0	0	0	0	1	1	0	100	1	1.1	0.9
28	1	2.104	1.052	0	0	1	1	0	100	1	1.1	0.9
29	1	2.104	1.052	0	0	1	1	0	100	1	1.1	0.9
30	1	2.104	1.052	0	0	1	1	0	100	1	1.1	0.9
31	1	1.052	0.526	0	0	1	1	0	100	1	1.1	0.9
32	1	1.052	0.526	0	0	1	1	0	100	1	1.1	0.9
33	1	2.104	1.052	0	0	1	1	0	100	1	1.1	0.9
34	1	2.104	1.052	0	0	1	1	0	100	1	1.1	0.9
35	1	2.104	1.052	0	0	1	1	0	100	1	1.1	0.9
36	1	0	0	0	0	1	1	0	100	1	1.1	0.9
37	1	2.104	1.052	0	0	1	1	0	100	1	1.1	0.9
38	1	1.052	0.526	0	0	1	1	0	100	1	1.1	0.9
39	1	1.052	0.526	0	0	1	1	0	100	1	1.1	0.9
40	1	0	0	0	0	1	1	0	100	1	1.1	0.9
41	1	1.052	0.526	0	0	1	1	0	100	1	1.1	0.9
42	1	1.052	0.526	0	0	1	1	0	100	1	1.1	0.9
43	1	2.104	1.052	0	0	1	1	0	100	1	1.1	0.9
44	1	0	0	0	0	1	1	0	100	1	1.1	0.9
45	1	1.052	0.526	0	0	1	1	0	100	1	1.1	0.9
46	1	1.052	0.526	0	0	1	1	0	100	1	1.1	0.9
47	1	5.523	3.945	0	0	1	1	0	100	1	1.1	0.9
48	1	11.046	7.89	0	0	1	1	0	100	1	1.1	0.9
49	1	7.364	4.997	0	0	1	1	0	100	1	1.1	0.9
50	1	2.104	1.052	0	0	1	1	0	100	1	1.1	0.9
51	1	1.052	0.526	0	0	1	1	0	100	1	1.1	0.9
52	1	2.104	1.052	0	0	1	1	0	100	1	1.1	0.9
53	1	2.104	1.052	0	0	1	1	0	100	1	1.1	0.9
54	1	0	0	0	0	1	1	0	100	1	1.1	0.9
55	1	1.052	0.526	0	0	1	1	0	100	1	1.1	0.9
56	1	1.052	0.526	0	0	1	1	0	100	1	1.1	0.9
57	1	0	0	0	0	1	1	0	100	1	1.1	0.9
58	1	1.052	0.526	0	0	1	1	0	100	1	1.1	0.9
59	1	1.052	0.526	0	0	1	1	0	100	1	1.1	0.9
60	1	1.052	0.526	0	0	1	1	0	100	1	1.1	0.9
61	1	0	0	0	0	1	1	0	100	1	1.1	0.9
62	1	2.104	1.052	0	0	1	1	0	100	1	1.1	0.9
63	1	2.104	1.052	0	0	1	1	0	100	1	1.1	0.9
64	1	3.945	1.841	0	0	1	1	0	100	1	1.1	0.9
65	1	7.364	5.26	0	0	1	1	0	100	1	1.1	0.9
66	1	3.945	1.841	0	0	1	1	0	100	1	1.1	0.9
67	1	0	0	0	0	1	1	0	100	1	1.1	0.9
68	1	1.052	0.526	0	0	1	1	0	100	1	1.1	0.9
69	1	2.104	1.052	0	0	1	1	0	100	1	1.1	0.9
70	1	1.052	0.526	0	0	1	1	0	100	1	1.1	0.9
71	1	2.104	1.052	0	0	1	1	0	100	1	1.1	0.9
72	1	0	0	0	0	1	1	0	100	1	1.1	0.9
73	1	2.104	1.052	0	0	1	1	0	100	1	1.1	0.9
74	1	2.104	1.052	0	0	1	1	0	100	1	1.1	0.9
75	1	2.104	1.052	0	0	1	1	0	100	1	1.1	0.9
76	1	12.887	9.468	0	0	1	1	0	100	1	1.1	0.9
77	1	2.104	1.052	0	0	1	1	0	100	1	1.1	0.9
78	1	0	0	0	0	1	1	0	100	1	1.1	0.9
79	1	2.104	1.052	0	0	1	1	0	100	1	1.1	0.9
80	1	2.104	1.052	0	0	1	1	0	100	1	1.1	0.9
81	1	0	0	0	0	1	1	0	100	1	1.1	0.9
82	1	2.104	1.052	0	0	1	1	0	100	1	1.1	0.9
83	1	1.052	0.526	0	0	1	1	0	100	1	1.1	0.9
84	1	1.052	0.526	0	0	1	1	0	100	1	1.1	0.9
85	1	2.104	1.052	0	0	1	1	0	100	1	1.1	0.9
86	1	1.052	0.526	0	0	1	1	0	100	1	1.1	0.9
87	1	2.104	1.052	0	0	1	1	0	100	1	1.1	0.9
88	1	2.104	1.052	0	0	1	1	0	100	1	1.1	0.9
89	1	0	0	0	0	1	1	0	100	1	1.1	0.9
90	1	2.104	1.052	0	0	1	1	0	100	1	1.1	0.9
91	1	0	0	0	0	1	1	0	100	1	1.1	0.9
92	1	2.104	1.052	0	0	1	1	0	100	1	1.1	0.9
93	1	0	0	0	0	1	1	0	100	1	1.1	0.9
94	1	2.104	1.052	0	0	1	1	0	100	1	1.1	0.9
95	1	1.052	0.526	0	0	1	1	0	100	1	1.1	0.9
96	1	1.052	0.526	0	0	1	1	0	100	1	1.1	0.9
97	1	0	0	0	0	1	1	0	100	1	1.1	0.9
98	1	2.104	1.052	0	0	1	1	0	100	1	1.1	0.9
99	1	2.104	1.052	0	0	1	1	0	100	1	1.1	0.9
100	1	2.104	1.052	0	0	1	1	0	100	1	1.1	0.9
101	1	0	0	0	0	1	1	0	100	1	1.1	0.9
102	1	1.052	0.526	0	0	1	1	0	100	1	1.1	0.9
103	1	2.104	1.052	0	0	1	1	0	100	1	1.1	0.9
104	1	2.104	1.052	0	0	1	1	0	100	1	1.1	0.9
105	1	0	0	0	0	1	1	0	100	1	1.1	0.9
106	1	2.104	1.052	0	0	1	1	0	100	1	1.1	0.9
107	1	2.104	1.052	0	0	1	1	0	100	1	1.1	0.9
108	1	0	0	0	0	1	1	0	100	1	1.1	0.9
109	1	2.104	1.052	0	0	1	1	0	100	1	1.1	0.9
110	1	0	0	0	0	1	1	0	100	1	1.1	0.9
111	1	1.052	0.526	0	0	1	1	0	100	1	1.1	0.9
112	1	1.052	0.526	0	0	1	1	0	100	1	1.1	0.9
113	1	2.104	1.052	0	0	1	1	0	100	1	1.1	0.9
114	1	1.052	0.526	0	0	1	1	0	100	1	1.1	0.9
115	1	0	0	0	0	1	1	0	100	1	1.1	0.9
116	1	0	0	0	0	1	1	0	100	1	1.1	0.9
117	1	0	0	0	0	1	1	0	100	1	1.1	0.9
118	1	0	0	0	0	1	1	0	100	1	1.1	0.9
119	1	0	0	0	0	1	1	0	100	1	1.1	0.9
120	1	0	0	0	0	1	1	0	100	1	1.1	0.9
121	1	0	0	0	0	1	1	0	100	1	1.1	0.9
122	1	0	0	0	0	1	1	0	100	1	1.1	0.9
123	1	2.104	1.052	0	0	1	1	0	100	1	1.1	0.9
  ];
%% generator data
%	bus	Pg	Qg	Qmax	Qmin	Vg	mBase	status	Pmax	Pmin	Pc1	Pc2	Qc1min	Qc1max	Qc2min	Qc2max	ramp_agc	ramp_10	ramp_30	ramp_q	apf
mpc.gen = [
	18	0	0	200	2.0	1	100	1	30	0	0	0	0	0	0	0	0	0	0	0	0;
    67	0	0	160	1.6	1	100	1	25	0	0	0	0	0	0	0	0	0	0	0	0;
];
mpc.gasgen = [
	35	0	0	0	0	1	100	1	25	0	0	0	0	0	0	0	0	0	0	0	0;
    108	0	0	0	0	1	100	1	10	0	0	0	0	0	0	0	0	0	0	0	0;
];
%	bus	Emax	Emin	Qmax	Qmin	Vg	mBase	status	Pmax	Pmin	Pc1	Pc2	Qc1min	Qc1max	Qc2min	Qc2max	ramp_agc	ramp_10	ramp_30	ramp_q	apf
mpc.battery = [
    76	20	0	0	0	1	100	1	5	0	0	0	0	0	0	0	0	0	0	0	0;
];

%% branch data
%	fbus	tbus	r	x	b	rateA	rateB	rateC	ratio	angle	status	angmin	angmax
